lastAccountName: yvng_amir
timestamps:
  login: 1616207342976
  logout: 1616210948786
ipAddress: 69.117.233.198
baltop-exempt: false
lastlocation:
  world: world
  x: -388.61420956065473
  y: 64.0
  z: 80.28813451249204
  yaw: -288.74835
  pitch: 36.843773
