lastAccountName: Dridlord
timestamps:
  login: 1616207367403
  logout: 1616207926193
ipAddress: 100.33.197.122
baltop-exempt: false
logoutlocation:
  world: world
  x: -1936.9636677698616
  y: 29.0
  z: 19.320159551764622
  yaw: -182.54688
  pitch: -39.73047
