lastAccountName: bendgk
timestamps:
  login: 1616207355585
  logout: 1616207832631
ipAddress: 50.93.222.80
baltop-exempt: false
logoutlocation:
  world: world
  x: 356.3903485760391
  y: 66.0
  z: 323.30000001192093
  yaw: -101.0282
  pitch: 52.19988
